alt T rho windN windE
-500   296.3   1.18E+00   0.5   -3.08
0.04   296.3   1.18E+00   0.5   -3.08
250   293.3   1.17E+00   0.54   -3.15
500   291.7   1.14E+00   0.24   -2.82
750   290.1   1.11E+00   -0.07   -2.5
1000   288.6   1.09E+00   -0.61   -2.36
1250   287.1   1.06E+00   -0.91   -2.52
1500   285.6   1.03E+00   -1.21   -2.81
1750   284.1   1.01E+00   -1.22   -3.47
2000   282.7   9.85E-01   -1.22   -4.16
2250   281.2   9.60E-01   -1.23   -4.9
2500   279.7   9.37E-01   -1.25   -5.65
2750   278.1   9.13E-01   -1.28   -6.41
3000   276.6   8.91E-01   -1.31   -7.16
3250   275   8.69E-01   -1.37   -7.82
3500   273.3   8.47E-01   -1.4   -8.45
3750   271.6   8.26E-01   -1.4   -9.1
4000   269.9   8.06E-01   -1.41   -9.74
4250   268.2   7.86E-01   -1.39   -10.37
4500   266.4   7.66E-01   -1.31   -11.03
4750   264.7   7.47E-01   -1.32   -11.74
5000   262.9   7.28E-01   -1.31   -12.46
5250   261.1   7.09E-01   -1.31   -13.17
5500   259.3   6.91E-01   -1.31   -13.88
5750   257.6   6.74E-01   -1.43   -14.46
6000   255.7   6.56E-01   -1.45   -15.13
6250   253.9   6.39E-01   -1.46   -15.82
6500   252.1   6.22E-01   -1.46   -16.51
6750   250.3   6.06E-01   -1.46   -17.2
7000   248.4   5.90E-01   -1.47   -17.9
7250   246.6   5.75E-01   -1.47   -18.6
7500   244.7   5.59E-01   -1.41   -19.15
7750   242.9   5.44E-01   -1.35   -19.89
8000   241.1   5.29E-01   -1.28   -20.63
8250   239.2   5.14E-01   -1.21   -21.37
8500   237.4   5.00E-01   -1.14   -22.12
8750   235.5   4.86E-01   -1.04   -22.86
9000   233.7   4.73E-01   -0.97   -23.61
9250   231.9   4.59E-01   -0.84   -24.27
9500   230.2   4.46E-01   -0.84   -24.58
9750   228.5   4.33E-01   -0.76   -25.37
10000   226.9   4.20E-01   -0.69   -26.15
10250   225.3   4.07E-01   -0.63   -26.93
10500   223.8   3.95E-01   -0.59   -27.71
10750   222.5   3.82E-01   -0.56   -28.49
11000   221.3   3.70E-01   -0.53   -29.25
11250   220.3   3.58E-01   -0.5   -30
11500   219.4   3.45E-01   -0.44   -30.77
11750   218.7   3.33E-01   -0.4   -31.49
12000   218.2   3.22E-01   -0.31   -32.16
12250   217.8   3.10E-01   -0.2   -32.4
12500   217.5   2.98E-01   -0.23   -32.61
12750   217.3   2.87E-01   -0.27   -32.83
13000   217.2   2.76E-01   -0.28   -33
13250   217   2.66E-01   -0.29   -33.17
13500   216.7   2.56E-01   -0.27   -33.33
13750   216.4   2.46E-01   -0.23   -33.4
14000   216   2.37E-01   -0.24   -33.02
14250   215.5   2.29E-01   -0.38   -32.37
14500   215   2.20E-01   -0.52   -31.66
14750   214.4   2.12E-01   -0.63   -30.97
15000   213.9   2.05E-01   -0.76   -30.24
15250   213.3   1.97E-01   -0.86   -29.51
15500   212.8   1.90E-01   -0.95   -28.76
15750   212.2   1.83E-01   -1.04   -28
16000   211.8   1.76E-01   -1.13   -27.2
16250   211.3   1.70E-01   -1.21   -26.43
16500   210.9   1.63E-01   -1.17   -25.46
16750   210.7   1.57E-01   -1.32   -24.31
17000   210.5   1.51E-01   -1.48   -23.07
17250   210.3   1.45E-01   -1.64   -21.82
17500   210.2   1.40E-01   -1.81   -20.57
17750   210.2   1.34E-01   -1.96   -19.33
18000   210.3   1.29E-01   -2.08   -18.12
18250   210.4   1.24E-01   -2.19   -16.88
18500   210.5   1.19E-01   -2.34   -15.66
18750   210.6   1.14E-01   -2.36   -14.82
19000   210.9   1.09E-01   -2.33   -13.99
19250   211.3   1.05E-01   -2.3   -13.06
19500   211.8   1.00E-01   -2.25   -12.1
19750   212.3   9.60E-02   -2.21   -11.16
20000   212.9   9.20E-02   -2.17   -10.21
21000   215.4   7.75E-02   -2.44   -6.78
22000   217.7   6.56E-02   -2.28   -4.39
23000   219.8   5.56E-02   -2   -2.64
24000   222.5   4.72E-02   -2.06   -0.77
25000   223.8   4.01E-02   -1.63   0.9
26000   225.3   3.43E-02   0.0   -3.32
27000   227.4   2.92E-02   0.0   -3.9
28000   229.4   2.48E-02   0.0   -4.48
29000   231.5   2.11E-02   0.0   -5.07
30000   234.3   1.79E-02   0.0   -5.65
31000   236.6   1.54E-02   0.0   -6.25
32000   239.4   1.32E-02   0.0   -6.84
33000   242.5   1.13E-02   0.0   -7.44
34000   244.7   9.69E-03   0.0   -8.03
35000   247.6   8.30E-03   0.0   -8.63
36000   249.8   7.19E-03   0.0   -8.6
37000   252.8   6.21E-03   0.0   -8.58
38000   254.9   5.38E-03   0.0   -8.56
39000   257.5   4.65E-03   0.0   -8.54
40000   259   4.04E-03   0.0   -8.52
41000   260.1   3.53E-03   0.0   -8.22
42000   262.1   3.08E-03   0.0   -7.92
43000   264.2   2.68E-03   0.0   -7.62
44000   266.2   2.33E-03   0.0   -7.32
45000   269.1   2.03E-03   0.0   -7.02
46000   271   1.77E-03   0.0   -6.64
47000   272.7   1.55E-03   0.0   -6.26
48000   272.3   1.37E-03   0.0   -5.88
49000   271.4   1.21E-03   0.0   -5.51
50000   270.3   1.07E-03   0.0   -5.13
51000   269.2   9.59E-04   0.0   -4.55
52000   266.7   8.62E-04   0.0   -3.97
53000   264.3   7.75E-04   0.0   -3.39
54000   261.8   6.97E-04   0.0   -2.81
55000   259.3   6.27E-04   0.0   -2.24
56000   256.7   5.55E-04   0.0   -1.4
57000   254.1   4.91E-04   0.0   -0.56
58000   251.5   4.34E-04   0.0   0.27
59000   248.9   3.85E-04   0.0   1.11
60000   246.3   3.41E-04   0.0   1.95
61000   244.2   3.00E-04   0.0   2.94
62000   242.1   2.64E-04   0.0   3.94
63000   240   2.32E-04   0.0   4.94
64000   237.9   2.04E-04   0.0   5.93
65000   235.7   1.80E-04   0.0   6.93
66000   233.6   1.58E-04   0.0   8.07
67000   231.4   1.38E-04   0.0   9.2
68000   229.2   1.21E-04   0.0   10.34
69000   227   1.06E-04   0.0   11.48
70000   224.8   9.31E-05   0.0   12.62
71000   222.9   8.07E-05   0.0   13.73
72000   221.1   6.99E-05   0.0   14.84
73000   219.2   6.06E-05   0.0   15.96
74000   217.3   5.25E-05   0.0   17.07
75000   215.4   4.55E-05   0.0   18.19
76000   213.7   3.83E-05   0.0   18.09
77000   212.1   3.22E-05   0.0   18
78000   210.5   2.71E-05   0.0   17.91
79000   208.9   2.28E-05   0.0   17.82
80000   207.3   1.92E-05   0.0   17.73
81000   205.2   1.62E-05   0.0   15.12
82000   203.1   1.37E-05   0.0   12.5
83000   201   1.16E-05   0.0   9.89
84000   198.9   9.83E-06   0.0   7.28
85000   196.8   8.32E-06   0.0   4.67
86000   194.2   7.05E-06   0.0   1.6
87000   191.6   5.98E-06   0.0   -1.47
88000   189   5.07E-06   0.0   -4.53
89000   186.4   4.30E-06   0.0   -7.6
90000   183.8   3.65E-06   0.0   -10.67
91000   183.1   3.06E-06   0.0   -13.54
92000   182.4   2.56E-06   0.0   -16.41
93000   181.6   2.14E-06   0.0   -19.28
94000   180.9   1.79E-06   0.0   -22.15
95000   180.1   1.50E-06   0.0   -25.02
96000   181.3   1.25E-06   0.0   -27
97000   182.5   1.04E-06   0.0   -28.99
98000   183.7   8.69E-07   0.0   -30.97
99000   184.8   7.25E-07   0.0   -32.95
100000   186   6.04E-07   0.0   -34.94
101000   189.6   5.05E-07   0.0   -34.6
102000   193.3   4.22E-07   0.0   -34.27
103000   196.9   3.53E-07   0.0   -33.94
104000   200.5   2.96E-07   0.0   -33.6
105000   204.2   2.48E-07   0.0   -33.27
106000   211.6   2.08E-07   0.0   -30.84
107000   219.1   1.75E-07   0.0   -28.4
108000   226.6   1.47E-07   0.0   -25.97
109000   234   1.24E-07   0.0   -23.53
110000   241.5   1.04E-07   0.0   -21.1
111000   255.1   8.86E-08   0.0   -18.52
112000   268.8   7.54E-08   0.0   -15.95
113000   282.5   6.43E-08   0.0   -13.37
114000   296.1   5.50E-08   0.0   -10.8
115000   309.8   4.71E-08   0.0   -8.23
116000   324.8   4.13E-08   0.0   -7.47
117000   339.9   3.63E-08   0.0   -6.71
118000   355   3.19E-08   0.0   -5.95
119000   370   2.81E-08   0.0   -5.2
120000   385.1   2.48E-08   0.0   -4.44
9999999   655   3.83E-09   0.0   0
            
            
            
            
            
            
            
            
            
            
            
            
            
